Exemplo DFA 01:
{
    "regras_de_transicao":[
    s0, s0, 0
    s0, s1, 1
    s1, s0, 1
    s1, s2, 0
    s2, s1, 0
    ]
    "estado_inicial": s0
    "estado_final":[
    s0
    ]
    "palavras":[
    0
    1,0
    1,0,1
    0,0,1
    1,0,2
    0,0,0,0
    0,1,1,0
    1,0,0,1
    1,0,1,0,1
    0,1,0,1,0,1
    1,0,0,0,0,1,1
    1,0,1,0,1,0,1,1
    0,1,0,0,0,1,0,0,1
    1,0,1,0,1,0,1,0,1,0,1
    1,0,1,0,1,0,1,0,0,1,0,1,0,1,1,1,1,1
    1,0,1,0,1,0,0,0,0,1,0,0,1,0,1,0,1,0
    ]
}

Exemplo DFA 02:
{
    "regras_de_transicao":[
    q0, q2, 0
    q0, q1, 1
    q1, q3, 0
    q1, q0, 1
    q2, q0, 0
    q2, q3, 1
    q3, q1, 0
    q3, q2, 1
    ]
    "estado_inicial": q0
    "estado_final":[
    q1
    ]
    "palavras":[
    0
    1,0
    1,0,1
    0,0,1
    1,0,2
    0,0,0,0
    0,1,1,0
    1,0,0,1
    1,0,1,0,1
    0,1,0,1,0,1
    1,0,0,0,0,1,1
    1,0,1,0,1,0,1,1
    0,1,0,0,0,1,0,0,1
    1,0,1,0,1,0,1,0,1,0,1
    1,0,1,0,1,0,1,0,0,1,0,1,0,1,1,1,1,1
    1,0,1,0,1,0,0,0,0,1,0,0,1,0,1,0,1,0
    ]
}

Exemplo DFA 03:
{
    "regras_de_transicao":[
    q0, q2, 0
    q0, q1, 1
    q1, q3, 0
    q1, q0, 1
    q2, q3, 0
    q2, q3, 1
    q3, q1, 0
    q3, q2, 1
    ]
    "estado_inicial": q0
    "estado_final":[
    q0
    ]
    "palavras":[
    0
    1,0
    1,0,1
    0,0,1
    1,0,2
    0,0,0,0
    0,1,1,0
    1,0,0,1
    1,0,1,0,1
    0,1,0,1,0,1
    1,0,0,0,0,1,1
    1,0,1,0,1,0,1,1
    0,1,0,0,0,1,0,0,1
    1,0,1,0,1,0,1,0,1,0,1
    1,0,1,0,1,0,1,0,0,1,0,1,0,1,1,1,1,1
    1,0,1,0,1,0,0,0,0,1,0,0,1,0,1,0,1,0
    ]
}

Exemplo NFA 01:
{
    "regras_de_transicao":[
    q0, q0, 0
    q0, q1, 1
    q1, q1, 0
    q1, q1, 1
    q1, q2, 0
    q2, q2, 0
    q2, q2, 1
    q2, q1, 1
    ]
    "estado_inicial": q0
    "estado_final":[
    q2
    ]
    "palavras":[
    0
    1,0
    1,0,1
    0,0,1
    1,0,2
    0,0,0,0
    0,1,1,0
    1,0,0,1
    1,0,1,0,1
    0,1,0,1,0,1
    1,0,0,0,0,1,1
    1,0,1,0,1,0,1,1
    0,1,0,0,0,1,0,0,1
    1,0,1,0,1,0,1,0,1,0,1
    1,0,1,0,1,0,1,0,0,1,0,1,0,1,1,1,1,1
    1,0,1,0,1,0,0,0,0,1,0,0,1,0,1,0,1,0
    ]
}

Exemplo NFA 02:
{
    "regras_de_transicao":[
    q0, q0, 0
    q0, q1, 0
    q0, q1, 1
    q1, q1, 1
    q1, q0, 1
    ]
    "estado_inicial": q0
    "estado_final":[
    q1
    ]
    "palavras":[
    0
    1,0
    1,0,1
    0,0,1
    1,0,2
    0,0,0,0
    0,1,1,0
    1,0,0,1
    1,0,1,0,1
    0,1,0,1,0,1
    1,0,0,0,0,1,1
    1,0,1,0,1,0,1,1
    0,1,0,0,0,1,0,0,1
    1,0,1,0,1,0,1,0,1,0,1
    1,0,1,0,1,0,1,0,0,1,0,1,0,1,1,1,1,1
    1,0,1,0,1,0,0,0,0,1,0,0,1,0,1,0,1,0
    ]
}

Exemplo NFA 03:
{
    "regras_de_transicao":[
    q0, q0, 0
    q0, q1, 0
    q0, q0, 1
    q1, q2, 0
    q1, q3, 0
    q1, q4, 1
    q2, q0, 0
    q2, q2, 0
    q2, q4, 1
    ]
    "estado_inicial": q0
    "estado_final":[
    q3
    q4
    ]
    "palavras":[
    0
    1,0
    1,0,1
    0,0,1
    1,0,2
    0,0,0,0
    0,1,1,0
    1,0,0,1
    1,0,1,0,1
    0,1,0,1,0,1
    1,0,0,0,0,1,1
    1,0,1,0,1,0,1,1
    0,1,0,0,0,1,0,0,1
    1,0,1,0,1,0,1,0,1,0,1
    1,0,1,0,1,0,1,0,0,1,0,1,0,1,1,1,1,1
    1,0,1,0,1,0,0,0,0,1,0,0,1,0,1,0,1,0
    ]
}


Exemplo E-NFA 01:
{
    "regras_de_transicao":[
    q0, q1, E
    q0, q2, E
    q1, q3, 0
    q2, q3, 1
    q3, q4, 1
    ]
    "estado_inicial": q0
    "estado_final":[
    q4
    ]
    "palavras":[
    0
    0,1
    1,1
    1,0
    1,0,1
    0,0,1
    1,0,2
    ]
}

Exemplo E-NFA 02:
{
    "regras_de_transicao":[
    q0, q0, 0
    q0, q1, E
    q1, q1, 1
    q1, q2, E
    q2, q2, 2
    ]
    "estado_inicial": q0
    "estado_final":[
    q2
    ]
    "palavras":[
    0
    1,0
    1,0,1
    0,0,1
    1,0,2
    0,0,0,0
    0,1,1,0
    1,0,0,1
    1,0,1,0,1
    0,1,0,1,0,1
    1,0,0,0,0,1,1
    1,0,1,0,1,0,1,1
    0,1,0,0,0,1,0,0,1
    1,0,1,0,1,0,1,0,1,0,1
    1,0,1,0,1,0,1,0,0,1,0,1,0,1,1,1,1,1
    1,0,1,0,1,0,0,0,0,1,0,0,1,0,1,0,1,0
    ]
}

Exemplo E-NFA 03:
{
    "regras_de_transicao":[
    q0, q1, E
    q1, q2, E
    q1, q4, E
    q2, q3, a
    q3, q6, E
    q4, q5, b
    q5, q6, E
    q6, q1, E
    q6, q7, E
    q7, q8, a
    q8, q9, b
    q9, q10, b
    ]
    "estado_inicial": q0
    "estado_final":[
    q10
    ]
    "palavras":[
    a
    b
    a, a
    a, b
    b, a
    b, b
    a, a, b, b
    b, a, b, b
    a, a, a, b, b
    b, a, a, b, b
    ]
}